['Prostate (T)' 'Prostate (N)' 'Breast (N)' 'Breast (T)' 'Ovarian (T)' 'Ovarian (N)']
[2 3 5 4 0 1]
15810 11439 9716 14139 14349 2583 12967 13320 18239 15223 13070 14809 8467 15619 13919 15194 5638 10140 8954 14225 1709 8866 4820 5012 2196 9293 12823 14235 10366 5993 9069 6520 1042 933 3899 1843 4651 1698 8772 14598
0
0.00040551718349332886 0.0004088601514872102 0.00040924729585690837 0.00041011888827016365 0.00041180907512878347 0.00041694088973700773 0.0004163758246657305 0.00041329423774211845 0.0004213260750955467 0.00042507016152942216 0.0004233213507329007 0.00042556865264486987 0.0004290532569434112 0.000426045093364438 0.0004237433242653626 0.0004335275256532138 0.0004352417243151447 0.0004450214636714615 0.00044772554259806283 0.00044946594326865526 0.0004564523573738673 0.00045786161932584137 0.0004590236145089774 0.00046083728613489764 0.00046268242792911625 0.0004636794534841708 0.0004589357610913996 0.00046690945498539804 0.00046977449809699264 0.00047876369668150193 0.0004896779389661611 0.0004876946899104142 0.0004957911156174709 0.0005062739178609061 0.0005157646552712928 0.0005337825502162256 0.0005471599546227582 0.0005486338230550953 0.0005666633912066269 0.0007038565800409439
1
0.0004002190579891855 0.0004046271954128618 0.0004134433970143113 0.00041476714745335304 0.00041544784258146846 0.00041430581589136436 0.00041628236695759015 0.0004229928403687053 0.0004244808290726117 0.000421703556033511 0.0004242930487205538 0.00042296921036369086 0.00042766185063353786 0.0004289502938566632 0.00042985002495596645 0.00043069618689312646 0.00043364292367995303 0.00044108969104349346 0.00044382032242790755 0.00045225046430156607 0.0004524145482239166 0.000452706985950297 0.0004544947397499123 0.0004545695369573524 0.00045807145157381355 0.0004571525623254678 0.00046504776360557624 0.0004596381611210947 0.00047280011212830827 0.00047394148950590735 0.00048328704211186846 0.0004932911030487554 0.0004992333032936989 0.0005087377317067876 0.0005173410097793547 0.000537958656827363 0.0005404106738953689 0.0005509243660514566 0.0005720231502992748 0.0007029653862736672
2
3.464890396623035e-06 2.7053520303472253e-06 2.477138683090432e-06 2.743455585769223e-06 2.904203258892303e-06 2.256331964465039e-06 2.5734961892250516e-06 5.219796654860116e-06 2.6409467410972966e-06 2.2550933578033592e-06 1.3034820712798378e-06 1.919954788030963e-06 1.37443212561767e-06 2.710888292660011e-06 4.096567677278371e-06 2.123325247972553e-06 1.5663431140517442e-06 2.6518568451273773e-06 2.4009737141660203e-06 2.150699193588975e-06 2.6385912396244116e-06 3.256406033121569e-06 2.544501353223754e-06 4.342545619688091e-06 3.032374549608955e-06 3.2642854680779245e-06 3.6937234212879802e-06 4.142493782061724e-06 2.121682232316926e-06 2.8811553109224044e-06 3.7797454923407493e-06 3.597897585984179e-06 2.4805989045578117e-06 2.120703223708177e-06 2.1234721010578007e-06 2.896240940556775e-06 3.825067209713613e-06 2.290224354384307e-06 3.612768442625949e-06 2.220455505935748e-06
3
1.0765170846971372e-06 9.6225751268343e-07 1.2585835362048197e-06 1.4838620584119628e-06 1.20312275964713e-06 7.523289290927653e-07 1.0932527680424581e-06 2.4152383492379335e-06 6.009979761140766e-07 7.808457119838475e-07 7.660894833443837e-07 9.807041057142819e-07 5.286098486588663e-07 1.1280420662994494e-06 1.4746880016261145e-06 6.728925357900472e-07 4.98162853975686e-07 8.328440334480646e-07 7.716396441691408e-07 1.1959268238057196e-06 8.567458412341485e-07 1.5227258580472223e-06 1.7977785856783236e-06 1.0337643571537807e-06 1.180814174572985e-06 1.986538522421218e-06 1.564545136630476e-06 1.7646417193533597e-06 1.1965093166625234e-06 1.2456948626443026e-06 2.472007560427869e-06 1.3695088764759728e-06 9.931499596543208e-07 8.671518839160125e-07 7.725743772625372e-07 1.190319668954566e-06 1.7427970252627113e-06 1.1518567099354072e-06 1.4543972533963433e-06 1.2736322709924443e-06
4
7.905521371605791e-07 7.746445150305339e-07 9.93651814230735e-07 8.524852752854936e-07 6.20043910715129e-07 6.972815966103477e-07 6.820872592911481e-07 2.058424250507408e-06 7.927841876772165e-07 5.239802664644102e-07 6.420972662827632e-07 5.726883307330708e-07 4.168447842148007e-07 1.2228246651183976e-06 1.302923175819062e-06 5.576056313103292e-07 4.7020480580744424e-07 7.411306337739503e-07 9.685163841045686e-07 6.627840773894741e-07 7.891244585432765e-07 7.933293713562822e-07 7.522375402826656e-07 9.427027299520793e-07 8.50850998334457e-07 1.1818993509869912e-06 1.5435857467401466e-06 1.3294606572166067e-06 1.2671263113094177e-06 8.723003206238348e-07 7.325525843210951e-07 1.6347845635101955e-06 8.418970821723171e-07 6.238159856576509e-07 6.244631564190762e-07 7.117538155891149e-07 1.5954276392936439e-06 8.645843588530846e-07 1.0256546477435989e-06 9.984862358869417e-07
5
7.047551330944628e-08 5.120290466389029e-08 1.7113124174375186e-07 1.30278357518554e-07 9.626079484672163e-08 6.054084115506934e-08 6.743093344113715e-08 2.635168008247035e-07 5.3088250982769036e-08 7.404232537428563e-08 8.491343897311223e-08 9.4133529822867e-08 4.0379431479053984e-08 1.0326603325536452e-07 1.1143856070643881e-07 5.565472482100326e-08 3.94770770286342e-08 8.209730886545492e-08 6.956022437915044e-08 1.0975317927056083e-07 6.081415690396059e-08 1.340118516521604e-07 1.401072167481507e-07 6.404717177212656e-08 1.266365989562112e-07 2.1947188617094721e-07 1.4590393348748147e-07 1.3691748187338563e-07 1.1939222990153512e-07 1.1481077998109428e-07 2.26548285464645e-07 1.4172074717162037e-07 6.285153591714356e-08 7.906796310317494e-08 5.7740752970603104e-08 1.277625218553001e-07 1.5281677054566437e-07 6.962408644100828e-08 9.733051732475752e-08 9.581907053912708e-08
['Ovarian (T)' 'Breast (T)' 'Breast (N)' 'Prostate (T)' 'Prostate (N)' 'Ovarian (N)']
[0 4 5 2 3 1]
6494 2452 6987 7833 10246 6956 11897 8070 1895 10644 16438 15724 3594 3009 11261 8023 17265 15115 8772 6531 16935 10815 4794 18544 270 2578 16684 324 1523 1352 13577 12377 10648 9574 7326 4103 4741 5323 1709 3415
0
5.583435629883785e-05 6.823951636099318e-05 9.291921012725331e-05 7.167158760213944e-05 5.1008006855108085e-05 8.849692667487997e-05 0.00016707857463081703 6.508744261027159e-05 0.0001233615090397113 2.762611649817928e-05 4.329798445521504e-05 6.102320631881685e-05 3.274611614865066e-05 2.944423921068202e-05 7.98521681486452e-05 2.5228031302157612e-05 7.259023479375812e-05 0.00016815725726594203 5.0757182519338173e-05 0.00016926898432061802 4.9300903878644965e-05 4.0354727297685435e-05 3.5742248397941475e-05 1.9815238093896384e-05 4.269269465939967e-05 7.664327547658968e-05 3.9978473231649934e-05 2.4830974144467573e-05 8.176687122837714e-05 6.33008716642494e-05 2.7850771457308997e-05 0.00017487037802418532 0.00016514756565651196 4.2619220815421456e-05 3.395614149218955e-05 3.131157248309022e-05 9.80466733862115e-05 7.956361286355678e-05 4.456791641178103e-05 6.151552292761451e-05
1
0.00015482922685003037 7.989969215266094e-05 7.321433377887174e-05 6.535898271509916e-05 7.862279358602443e-05 6.58367400081203e-05 0.0001061924992066398 9.277846547670479e-05 0.00013810677127716365 9.263539218039116e-05 0.00011618601450117981 5.6802991165619106e-05 9.679355121110773e-05 0.00010963088823831079 6.696034837492912e-05 9.683011941833082e-05 4.832276224451913e-05 9.823577024041535e-05 3.793992763894139e-05 7.11230476499543e-05 0.0001127640104939624 0.00010451937119313471 9.707472664807008e-05 0.00011346944875169008 8.217764234484883e-05 5.690269481591185e-05 9.009982440814275e-05 0.00010703378734153462 6.0782471608664286e-05 9.680814763155128e-05 0.00011292396425078516 0.00012976709554906433 0.00014518465260848374 0.00011453853101428154 0.00011775211413009857 0.00014509502207782615 8.315570113549096e-05 0.00010146411473884012 9.854906667052406e-05 0.00012055329849879533
2
8.458131390536959e-05 4.376151126571833e-05 0.00011988480576761163 2.820689708788884e-05 9.065701889111926e-05 5.4431330901854164e-05 2.8811198808006488e-05 0.00012604405405967862 3.147611632461094e-05 0.0001658583914300326 0.00010230181937432923 4.007988356800705e-05 0.00016635888938815375 0.0001571306204168115 6.455298123311379e-05 0.0001649957786225166 4.824795872181235e-05 3.477368341029277e-05 3.421654895236002e-05 4.145253031065878e-05 0.00010137662928596067 0.00013952523816890467 0.0001559012717152922 0.00017400590015099356 0.0001730308652293602 4.290528890617311e-05 0.0001722668437383511 0.0001767723316909135 3.486272052038017e-05 0.00012496097456127754 0.00017920385505610338 2.8800334770995307e-05 2.5141038772435355e-05 0.00015948109105867094 0.00017449240909520408 0.00014264364149947623 6.127625409771506e-05 7.98669643078189e-05 7.230817072191505e-05 0.0002031881390755242
3
1.982135924617294e-05 0.00011285665729922264 1.9153176806503284e-05 9.069359879688514e-05 3.6073270446260023e-05 3.392551972672376e-05 1.6112614645383107e-05 3.414843479150462e-05 1.6150594092444916e-05 2.8204868887583752e-05 5.707965172821951e-05 4.571439768047349e-05 2.415627633101103e-05 2.5954142020717336e-05 0.00010064353971602834 2.4114088905789834e-05 0.00012431866786875937 2.8605714265372022e-05 4.915332946372409e-05 3.6221545772149375e-05 6.050496844134259e-05 3.557029729128616e-05 3.386004260931732e-05 2.386275648699656e-05 2.512984251220008e-05 9.772875187984615e-05 3.2773212676359846e-05 2.389257478818946e-05 8.626124949917285e-05 2.0575513001245205e-05 2.2487764744550485e-05 1.4200686242215501e-05 1.511450524560587e-05 2.1762913185273485e-05 2.1435195425828827e-05 2.0818371583059972e-05 8.819589878938547e-05 9.90227360820609e-05 0.00012313991533487216 3.287732904471805e-05
4
1.0748569901184706e-05 2.3279623942778722e-05 2.4247890058756227e-05 7.427909343042546e-05 7.43987816462396e-05 8.804283101506585e-05 1.4879204058741468e-05 1.4079689659475455e-05 2.454649448359113e-05 1.9620520729807573e-05 1.5418088898535967e-05 0.00013181149906955626 1.546754070105947e-05 1.4742362028088169e-05 2.327073750541498e-05 2.637219776169656e-05 4.410551833239939e-05 7.5310654908374265e-06 0.00016661739027308144 2.258338685872769e-05 1.8165483703402222e-05 2.3682099361855377e-05 2.3067938240201363e-05 1.727170396868636e-05 2.6180075593556083e-05 7.60668339336569e-05 1.5677419414504648e-05 2.1623471384729315e-05 9.159484537569958e-05 5.138012657098594e-05 1.5583395678968732e-05 1.120301926778556e-05 9.652638420543092e-06 2.390596919466754e-05 1.772511380016126e-05 2.668184943628827e-05 3.6004796387512735e-05 2.0986491917503424e-05 4.656280346595944e-05 2.2449097008410658e-05
5
1.7608939378058022e-06 2.539046262224212e-06 2.3922914262257156e-06 2.2971257386170283e-06 1.824524718996301e-06 2.4157918489381096e-06 1.8328627976238464e-06 2.779130287111631e-06 1.772315340961561e-06 1.811809222173186e-06 3.0968299644558033e-06 2.239628618888927e-06 2.2343941895022593e-06 1.7635816810259458e-06 3.6454154208531056e-06 1.3950124780866514e-06 1.8581702613326536e-06 2.7744609268672578e-06 2.3614893631503994e-06 2.091849528773615e-06 2.39447141726177e-06 2.3282457352907466e-06 2.2131554498111225e-06 1.4479781753108574e-06 1.6207442832888116e-06 1.9581217156113893e-06 2.618612844812136e-06 2.683576252290386e-06 1.7050240956903603e-06 1.82608807788048e-06 1.8333308619954218e-06 1.865705730145152e-06 1.7969220751217991e-06 1.7601318213254208e-06 1.8000038508619538e-06 1.4716794633482783e-06 3.002605437140606e-06 2.5099469994019843e-06 3.299916905871235e-06 2.199306684500132e-06
